========== 训练 ==========
signal=ETHUSDT  exec=ETHUSDC  n=260263  train=182184  test=78079
align=264230/264230 (100.0%)  alpha_model=vol_exp
horizon=13  TP_OFFSET=0.08  SL=opposite  maker=0  taker=0  qty=2
dynamic TP/SL clip=[0.05, 0.48]  scale=1.0  q=0.8
T intercept=0.121908
factor                       weight
intercept                  0.121908
obi                        0.100984
ml_ofi_5s                  0.246897
ml_ofi_15s                 0.188611

========== 因子相关 ==========
factor                  corr_y_tr  corr_y_te  corr_T_tr  corr_T_te  corr_a_tr  corr_a_te
obi                        0.0308     0.1068     0.6325     0.6799     0.0021    -0.0124
ml_ofi_5s                  0.0418     0.0705     0.8567     0.8952     0.0090    -0.0166
ml_ofi_15s                 0.0333    -0.0001     0.6836     0.6791     0.0246     0.0169
n_mid_moves_30s            0.0857     0.0509    -0.0090     0.0732     0.5290     0.2271
n_mid_moves_60s            0.0861     0.0554    -0.0067     0.0738     0.5030     0.2172
rv_30s                     0.0090     0.0454    -0.0141     0.0451     0.5583     0.1867
rv_60s                     0.0080     0.0320     0.0007     0.0154     0.4848     0.1893
|T|                        0.0274     0.0700     0.8534     0.8141    -0.0119     0.0131
T vs y                     0.0488     0.0853
|T| vs alpha              -0.0119     0.0131
T vs alpha                 0.0135    -0.0097
T r2 train/test: 0.00237732 / -0.0171503

========== T / alpha 命中率 ==========
T  sign(T)==sign(y)     train=0.5281  test=0.5153
alpha  高于中位数一致  train=0.6816  test=0.5411
bin       n_tr  |T|med_tr   T_hit_tr    n_te  |T|med_te   T_hit_te
1        36437    0.02518     0.5037   15616    0.02581     0.5217
2        36437    0.07707     0.5260   15616    0.08145     0.4977
3        36436    0.13073     0.5364   15615    0.14132     0.4890
4        36437    0.19078     0.5397   15616    0.21353     0.5214
5        36437    0.28072     0.5344   15616    0.32054     0.5472

========== alpha 模型 ==========
model                  train_r2    test_r2 train_corr  test_corr
 vol_linear             0.33858 -0.0978661     0.5819     0.2007
 vol_quadratic         0.368272  -0.206004     0.6069     0.1557
*vol_exp                0.31859  0.0350296     0.5748     0.2230
 rv60_linear            0.23505  -0.119135     0.4848     0.1893
 vol+|T|_linear        0.339383  -0.116536     0.5826     0.1971
 |T|_poly1           0.000141078   -1.48591     0.0119    -0.0131
 |T|_poly2           0.00214247   -1.46579     0.0463     0.0007
 |T|_poly3           0.00215953    -1.4625     0.0465     0.0028

========== tau static  TP/SL=entry±0.08 ==========
         tau    n_tr       pnl_tr    wr_tr  tp/n_tr  sl/n_tr    n_te       pnl_te    wr_te  tp/n_te  sl/n_te   med_tp     tp     sl   hor   flip   eod
 1.05786e-06   28403      591.735   0.5043   0.4811   0.3396    6384      241.746   0.5064   0.4753   0.2320     0.08  16698  11127     4   6958     0
  0.00643783   27147      576.955   0.5162   0.4946   0.3499    5956      236.945   0.5316   0.5007   0.2455     0.08  16410  10961     4   5728     0
   0.0128477   26175      558.739   0.5239   0.5036   0.3582    5671      230.985   0.5465   0.5174   0.2550     0.08  16117  10822     4   4903     0
   0.0192106   25356      550.698   0.5296   0.5105   0.3630    5429      227.045   0.5592   0.5321   0.2628     0.08  15833  10631     4   4317     0
   0.0255904   24579       544.32   0.5348   0.5171   0.3678    5240      221.965   0.5676   0.5414   0.2685     0.08  15547  10446     4   3822     0
   0.0322097   23850      536.199   0.5395   0.5231   0.3721    5059      217.686   0.5740   0.5495   0.2728     0.08  15257  10255     4   3393     0
   0.0388916   23096      523.159   0.5438   0.5285   0.3767    4883      210.026   0.5777   0.5554   0.2783     0.08  14919  10059     4   2997     0
   0.0454683   22432       514.48   0.5472   0.5329   0.3805    4746      205.186   0.5830   0.5611   0.2826     0.08  14618   9876     4   2680     0
   0.0520999   21744      504.403   0.5506   0.5379   0.3836    4610      202.585   0.5892   0.5683   0.2859     0.08  14316   9659     4   2375     0
   0.0588395   21134      499.124   0.5540   0.5425   0.3868    4465      196.765   0.5942   0.5751   0.2914     0.08  14033   9475     4   2087     0
   0.0653691   20528      493.083   0.5570   0.5463   0.3886    4316      195.582   0.6026   0.5843   0.2938     0.08  13736   9245     4   1859     0
   0.0718212   19919      488.164   0.5604   0.5505   0.3899    4183      191.601   0.6084   0.5910   0.2979     0.08  13437   9013     4   1648     0
   0.0782807   19278      478.743   0.5633   0.5540   0.3919    4062      186.001   0.6108   0.5940   0.3003     0.08  13093   8776     4   1467     0
   0.0848832   18651      469.302   0.5659   0.5573   0.3935    3950      179.821   0.6122   0.5967   0.3046     0.08  12751   8543     4   1303     0
   0.0913922   18047      463.481   0.5691   0.5609   0.3944    3843      172.642   0.6125   0.5977   0.3099     0.08  12419   8309     4   1158     0
   0.0981097   17464      451.839   0.5705   0.5631   0.3953    3735      168.442   0.6158   0.6019   0.3127     0.08  12082   8072     4   1041     0
    0.104878   16879      443.441   0.5731   0.5664   0.3966    3635      163.881   0.6179   0.6050   0.3161     0.08  11759   7843     4    908     0
     0.11187   16223      428.222   0.5748   0.5687   0.3981    3514      157.442   0.6190   0.6070   0.3201     0.08  11359   7583     4    791     0
    0.118995   15592      423.342   0.5776   0.5720   0.3976    3399      152.002   0.6199   0.6096   0.3230     0.08  10991   7298     4    698     0
    0.125806   14950      413.841   0.5803   0.5750   0.3975    3281      148.342   0.6230   0.6132   0.3237     0.08  10608   7004     4    615     0
    0.133048   14287      404.621   0.5832   0.5781   0.3970    3160      143.322   0.6250   0.6155   0.3253     0.08  10204   6700     4    539     0
    0.140218   13643      397.701   0.5862   0.5817   0.3952    3044      139.661   0.6284   0.6193   0.3262     0.08   9821   6385     4    477     0
    0.147191   12961      388.863   0.5897   0.5855   0.3941    2948      136.121   0.6296   0.6218   0.3256     0.08   9422   6068     4    415     0
    0.154614   12278      374.222   0.5915   0.5879   0.3930    2852      132.441   0.6315   0.6245   0.3261     0.08   8999   5755     4    372     0
    0.162288   11601      360.881   0.5937   0.5905   0.3919    2727      127.681   0.6348   0.6274   0.3267     0.08   8561   5437     4    326     0
    0.170001   10920      345.781   0.5957   0.5930   0.3910    2581      121.581   0.6362   0.6284   0.3266     0.08   8098   5113     4    286     0
    0.177884   10221      338.701   0.6006   0.5981   0.3874    2444       118.58   0.6420   0.6346   0.3261     0.08   7664   4757     4    240     0
    0.185808    9525      326.761   0.6042   0.6023   0.3850    2329      112.959   0.6428   0.6355   0.3280     0.08   7217   4431     4    202     0
    0.194332    8815      319.261   0.6102   0.6087   0.3795    2213       108.54   0.6439   0.6380   0.3267     0.08   6778   4068     4    178     0
    0.203179    8087      304.241   0.6152   0.6139   0.3760    2085      102.399   0.6436   0.6379   0.3266     0.08   6295   3722     4    151     0
     0.21277    7329      287.081   0.6204   0.6192   0.3724    1958      96.7392   0.6445   0.6394   0.3264     0.08   5790   3368     4    125     0
    0.223003    6541      266.321   0.6254   0.6242   0.3674    1807      90.9796   0.6491   0.6442   0.3265     0.08   5247   2993     3    105     0
    0.233655    5795       252.82   0.6343   0.6336   0.3588    1674      86.6394   0.6535   0.6499   0.3244     0.08   4760   2622     3     84     0
    0.245352    5086       236.04   0.6431   0.6425   0.3502    1530      80.9195   0.6595   0.6549   0.3242     0.08   4270   2277     3     66     0
    0.258282    4285       206.94   0.6492   0.6488   0.3447    1375      75.8597   0.6662   0.6625   0.3164     0.08   3691   1912     3     54     0
    0.273045    3477       176.68   0.6575   0.6572   0.3371    1208      69.1399   0.6730   0.6689   0.3104     0.08   3093   1547     3     42     0
    0.291169    2708       142.76   0.6640   0.6636   0.3323    1006      59.4995   0.6799   0.6759   0.3062     0.08   2477   1208     3     26     0
    0.313871    1932        108.5   0.6744   0.6739   0.3214     801      51.5395   0.6979   0.6941   0.2921     0.08   1858    855     3     17     0
    0.344029    1146      66.9396   0.6815   0.6815   0.3141     579      40.2793   0.7150   0.7098   0.2781     0.08   1192    521     3      9     0
    0.403937     341        22.24   0.7038   0.7038   0.2962     252      16.5601   0.7024   0.6984   0.2897     0.08    416    174     2      1     0

========== tau dynamic  TP/SL=entry±alpha_hat[vol_exp] ==========
         tau    n_tr       pnl_tr    wr_tr  tp/n_tr  sl/n_tr    n_te       pnl_te    wr_te  tp/n_te  sl/n_te   med_tp     tp     sl   hor   flip   eod
 1.05786e-06   10171      1119.09   0.4378   0.2203   0.1117    2644      453.679   0.4244   0.1577   0.0250     0.48   2658   1202    71   8884     0
  0.00643783    9191      1088.32   0.4633   0.2408   0.1226    2277        440.3   0.4726   0.1805   0.0285     0.48   2624   1192    71   7581     0
   0.0128477    8489      1043.88   0.4794   0.2573   0.1318    2058      429.119   0.5000   0.1983   0.0311     0.48   2592   1183    71   6701     0
   0.0192106    7984      1015.74   0.4897   0.2692   0.1392    1894      421.781   0.5222   0.2144   0.0333     0.48   2555   1174    72   6077     0
   0.0255904    7541      1002.52   0.4995   0.2838   0.1460    1777      409.182   0.5357   0.2268   0.0360     0.48   2543   1165    70   5540     0
   0.0322097    7144      972.499   0.5077   0.2955   0.1523    1676      396.701   0.5459   0.2381   0.0382     0.48   2510   1152    72   5086     0
   0.0388916    6771      955.299   0.5162   0.3088   0.1588    1588      381.601   0.5491   0.2481   0.0416     0.48   2485   1141    71   4662     0
   0.0454683    6472      924.059   0.5212   0.3201   0.1649    1516      368.341   0.5567   0.2553   0.0429     0.48   2459   1132    74   4323     0
   0.0520999    6148      888.963   0.5257   0.3328   0.1719    1447      356.959   0.5632   0.2654   0.0456     0.48   2430   1123    74   3968     0
   0.0588395    5894      867.178   0.5304   0.3432   0.1781    1372        346.3   0.5700   0.2770   0.0466     0.48   2403   1114    74   3675     0
   0.0653691    5660      845.775   0.5329   0.3539   0.1827    1302       336.98   0.5829   0.2903   0.0492     0.48   2381   1098    73   3410     0
   0.0718212    5436      825.053   0.5379   0.3648   0.1884    1241      327.138   0.5898   0.2990   0.0516     0.48   2354   1088    74   3161     0
   0.0782807    5204      802.793   0.5430   0.3768   0.1952    1188      317.639   0.5968   0.3089   0.0547     0.48   2328   1081    74   2909     0
   0.0848832    4989      771.773   0.5460   0.3875   0.2008    1138      305.058   0.5967   0.3155   0.0562     0.48   2292   1066    74   2695     0
   0.0913922    4816      755.957   0.5525   0.3956   0.2064    1104      292.058   0.5969   0.3188   0.0589     0.48   2257   1059    75   2529     0
   0.0981097    4641      729.537   0.5527   0.4027   0.2109    1068      287.397   0.6030   0.3296   0.0637     0.48   2221   1047    75   2366     0
    0.104878    4461      709.399   0.5548   0.4122   0.2181    1035      274.915   0.5990   0.3353   0.0667     0.48   2186   1042    76   2192     0
     0.11187    4284      669.061   0.5542   0.4195   0.2239     984      263.594   0.6006   0.3435   0.0701     0.48   2135   1028    77   2028     0
    0.118995    4119      644.665   0.5555   0.4263   0.2311     948      251.257   0.5970   0.3460   0.0738     0.48   2084   1022    76   1885     0
    0.125806    3974      618.364   0.5551   0.4326   0.2378     916      238.259   0.5928   0.3504   0.0753     0.48   2040   1014    75   1761     0
    0.133048    3808      594.839   0.5536   0.4391   0.2421     872      228.259   0.5986   0.3589   0.0803     0.48   1985    992    74   1629     0
    0.140218    3649      588.059   0.5577   0.4494   0.2458     836      220.479   0.6017   0.3684   0.0849     0.48   1948    968    72   1497     0
    0.147191    3475      555.578   0.5586   0.4558   0.2521     811        211.3   0.6017   0.3699   0.0838     0.48   1884    944    71   1387     0
    0.154614    3314      531.937   0.5564   0.4644   0.2574     784      199.361   0.5918   0.3712   0.0829     0.48   1830    918    71   1279     0
    0.162288    3119       506.12   0.5585   0.4739   0.2655     747       191.98   0.5971   0.3802   0.0843     0.48   1762    891    70   1143     0
    0.170001    2966      485.241   0.5590   0.4791   0.2697     718      178.261   0.5891   0.3844   0.0891     0.48   1697    864    71   1052     0
    0.177884    2803      470.576   0.5630   0.4895   0.2758     679        164.1   0.5876   0.3918   0.0957     0.48   1638    838    69    937     0
    0.185808    2625      451.555   0.5646   0.4971   0.2792     653      154.361   0.5850   0.3951   0.0995     0.48   1563    798    67    850     0
    0.194332    2489      448.513   0.5681   0.5066   0.2832     626      143.483   0.5767   0.4026   0.1006     0.48   1513    768    62    772     0
    0.203179    2296      433.855   0.5727   0.5148   0.2805     592      130.384   0.5625   0.4020   0.1014     0.48   1420    704    66    698     0
     0.21277    2103      425.073   0.5796   0.5245   0.2763     562      123.065   0.5658   0.4075   0.1085     0.48   1332    642    66    625     0
    0.223003    1925      408.015   0.5829   0.5330   0.2722     516      104.586   0.5620   0.3973   0.1105     0.48   1231    581    64    565     0
    0.233655    1737      378.652   0.5912   0.5354   0.2712     479       97.245   0.5574   0.4092   0.1106     0.48   1126    524    63    503     0
    0.245352    1556      342.813   0.5887   0.5366   0.2667     448      98.3054   0.5714   0.4308   0.1161     0.48   1028    467    57    452     0
    0.258282    1368      312.877   0.5965   0.5424   0.2639     420       86.306   0.5524   0.4333   0.1238     0.48    924    413    54    397     0
    0.273045    1155      251.397   0.5922   0.5359   0.2684     377      86.5845   0.5756   0.4456   0.1220     0.48    787    356    52    337     0
    0.291169     955      199.916   0.5895   0.5298   0.2660     332      76.8813   0.5723   0.4578   0.1235     0.48    658    295    49    285     0
    0.313871     706      163.137   0.6062   0.5411   0.2521     280      73.7023   0.5964   0.4857   0.1214     0.48    518    212    40    216     0
    0.344029     439      106.797   0.6128   0.5421   0.2528     213      62.1212   0.6103   0.5117   0.1455     0.48    347    142    32    131     0
    0.403937     153      20.5772   0.5621   0.4641   0.2810     112      25.4624   0.5714   0.4554   0.1250     0.48    122     57    18     68     0
