========== 训练 ==========
signal=ETHUSDT  exec=ETHUSDC  n=57440  train=40208  test=17232
align=59854/59854 (100.0%)  alpha_model=vol_exp
horizon=13  TP_OFFSET=0.08  SL=opposite  maker=0  taker=0  qty=2
dynamic TP/SL clip=[0.05, 0.48]  scale=1.0  q=0.8
T intercept=0.615636
factor                       weight
intercept                  0.615636
obi                       0.0550216
ml_ofi_5s                   1.46569
ml_ofi_15s                 -1.27452

========== 因子相关 ==========
factor                  corr_y_tr  corr_y_te  corr_T_tr  corr_T_te  corr_a_tr  corr_a_te
obi                        0.0087     0.1036     0.1576     0.4406     0.0023    -0.0135
ml_ofi_5s                  0.0459     0.0779     0.8265     0.8220     0.0618    -0.0135
ml_ofi_15s                 0.0019    -0.0651     0.0338    -0.0216     0.1037     0.0084
n_mid_moves_30s            0.0044     0.0632    -0.0596     0.0339     0.4127     0.4484
n_mid_moves_60s            0.0024     0.1151    -0.0382     0.0463     0.3614     0.4321
rv_30s                    -0.0674     0.0936    -0.0592     0.0628     0.4632     0.3342
rv_60s                    -0.0751     0.1380    -0.0399     0.0657     0.3532     0.3602
|T|                        0.0574     0.0886     0.9831     0.8604     0.0034     0.0081
T vs y                     0.0555     0.1417
|T| vs alpha               0.0034     0.0081
T vs alpha                 0.0049    -0.0223
T r2 train/test: 0.00308376 / -0.389834

========== T / alpha 命中率 ==========
T  sign(T)==sign(y)     train=0.5456  test=0.5076
alpha  高于中位数一致  train=0.7030  test=0.5003
bin       n_tr  |T|med_tr   T_hit_tr    n_te  |T|med_te   T_hit_te
1         8042    0.25989     0.4893    3447    0.15546     0.4545
2         8041    0.47922     0.5326    3446    0.40154     0.5032
3         8042    0.61450     0.5840    3446    0.65570     0.5292
4         8041    0.74647     0.5870    3446    0.90981     0.4988
5         8042    0.95280     0.5353    3447    1.19408     0.5527

========== alpha 模型 ==========
model                  train_r2    test_r2 train_corr  test_corr
 vol_linear             0.24549  -0.156693     0.4955     0.3887
 vol_quadratic         0.296498  -0.634111     0.5445    -0.0365
*vol_exp               0.205716  0.0817179     0.4750     0.4283
 rv60_linear           0.124784   -1.86857     0.3532     0.3602
 vol+|T|_linear        0.246767  -0.255471     0.4968     0.3490
 |T|_poly1           1.13124e-05   -12.9875     0.0034     0.0081
 |T|_poly2           0.00420541   -10.8919     0.0649     0.0827
 |T|_poly3           0.00516579   -10.9981     0.0724     0.0810

========== tau static  TP/SL=entry±0.08 ==========
         tau    n_tr       pnl_tr    wr_tr  tp/n_tr  sl/n_tr    n_te       pnl_te    wr_te  tp/n_te  sl/n_te   med_tp     tp     sl   hor   flip   eod
 4.03945e-05   12185      51.8386   0.5105   0.5092   0.4791    1491      28.8788   0.5225   0.5137   0.3877     0.08   6971   6416     3    286     0
    0.089389   11827      49.2196   0.5121   0.5118   0.4852    1381      26.6792   0.5402   0.5337   0.4091     0.08   6790   6303     3    112     0
    0.161024   11564      47.1795   0.5121   0.5119   0.4862    1322      25.2186   0.5446   0.5378   0.4168     0.08   6631   6173     3     79     0
    0.217132   11279      52.2395   0.5141   0.5139   0.4848    1279      24.5191   0.5473   0.5418   0.4199     0.08   6489   6005     3     61     0
    0.262403   10999      55.2795   0.5153   0.5151   0.4836    1230      24.0386   0.5504   0.5455   0.4211     0.08   6337   5837     3     52     0
    0.300313   10725      58.6397   0.5167   0.5166   0.4823    1196       25.899   0.5577   0.5535   0.4156     0.08   6202   5670     3     46     0
    0.331622   10453      61.4398   0.5180   0.5178   0.4811    1159      27.4588   0.5669   0.5617   0.4124     0.08   6064   5507     3     38     0
    0.359139   10178      67.0398   0.5202   0.5200   0.4789    1129      26.6393   0.5669   0.5624   0.4136     0.08   5928   5341     3     35     0
    0.387087    9888      66.0999   0.5205   0.5204   0.4786    1100      27.3191   0.5709   0.5673   0.4100     0.08   5770   5183     3     32     0
    0.412251    9596      69.7799   0.5224   0.5223   0.4768    1069      29.2391   0.5790   0.5753   0.4022     0.08   5627   5005     3     30     0
     0.43638    9300      73.9399   0.5245   0.5244   0.4746    1039      29.0791   0.5813   0.5775   0.4004     0.08   5477   4830     3     29     0
    0.461579    9009      72.4999   0.5248   0.5247   0.4743    1000      29.1597   0.5850   0.5820   0.3980     0.08   5309   4671     3     26     0
    0.483162    8736      72.6599   0.5256   0.5255   0.4734     973      28.9997   0.5868   0.5838   0.3957     0.08   5159   4521     3     26     0
    0.503294    8433      71.2199   0.5260   0.5259   0.4730     950      29.7997   0.5916   0.5884   0.3905     0.08   4994   4360     3     26     0
     0.52246    8140        71.66   0.5271   0.5270   0.4720     935      29.7397   0.5936   0.5914   0.3904     0.08   4843   4207     3     22     0
      0.5409    7869        71.66   0.5281   0.5280   0.4711     913      29.7397   0.5958   0.5936   0.3877     0.08   4697   4061     3     21     0
    0.557362    7600        69.26   0.5282   0.5280   0.4711     890      29.5797   0.5978   0.5955   0.3854     0.08   4543   3923     3     21     0
    0.573464    7292        69.26   0.5293   0.5292   0.4698     871      28.9397   0.5982   0.5959   0.3858     0.08   4378   3762     3     20     0
    0.589055    7012        69.26   0.5305   0.5304   0.4686     852      28.4597   0.5986   0.5962   0.3850     0.08   4227   3614     3     20     0
    0.603572    6686        63.34   0.5293   0.5292   0.4699     841      27.8197   0.5981   0.5957   0.3864     0.08   4039   3467     2     19     0
    0.619389    6373        69.26   0.5337   0.5335   0.4656     824      28.0796   0.6007   0.5995   0.3835     0.08   3894   3283     2     18     0
    0.634796    6061        62.22   0.5318   0.5316   0.4674     804      26.7996   0.5983   0.5970   0.3856     0.08   3702   3143     2     18     0
    0.650023    5743        66.06   0.5356   0.5354   0.4635     787      26.7996   0.6010   0.5997   0.3837     0.08   3547   2964     2     17     0
     0.66755    5407        64.78   0.5371   0.5369   0.4620     755      25.9996   0.6026   0.6013   0.3828     0.08   3357   2787     2     16     0
     0.68409    5094        62.06   0.5377   0.5375   0.4613     735      25.8396   0.6054   0.6041   0.3810     0.08   3182   2630     2     15     0
    0.700853    4748        55.02   0.5358   0.5356   0.4631     715      24.8996   0.6042   0.6028   0.3818     0.08   2974   2472     2     15     0
    0.717939    4395        56.14   0.5395   0.5392   0.4594     694      25.0593   0.6095   0.6066   0.3790     0.08   2791   2282     2     14     0
    0.736301    4071        52.62   0.5399   0.5397   0.4589     662      25.0793   0.6148   0.6133   0.3746     0.08   2603   2116     2     12     0
    0.754404    3716         50.7   0.5422   0.5420   0.4567     635      26.5193   0.6268   0.6252   0.3622     0.08   2411   1927     2     11     0
    0.773535    3383        41.74   0.5383   0.5380   0.4608     609      25.5593   0.6273   0.6256   0.3612     0.08   2201   1779     1     11     0
    0.792733    3070        36.46   0.5368   0.5365   0.4622     586      24.7593   0.6280   0.6263   0.3601     0.08   2014   1630     1     11     0
    0.813708    2746        36.78   0.5415   0.5412   0.4574     564      22.8396   0.6223   0.6223   0.3652     0.08   1837   1462     1     10     0
    0.836752    2402        28.14   0.5362   0.5358   0.4625     533      21.3996   0.6210   0.6210   0.3659     0.08   1618   1306     1     10     0
    0.865281    2051        27.02   0.5407   0.5402   0.4578     496      19.9596   0.6210   0.6210   0.3649     0.08   1416   1120     1     10     0
    0.896355    1710        19.98   0.5363   0.5357   0.4626     460      19.9596   0.6304   0.6304   0.3543     0.08   1206    954     1      9     0
    0.933433    1390        16.14   0.5360   0.5353   0.4626     417      17.1597   0.6235   0.6235   0.3621     0.08   1004    794     1      8     0
     0.97826    1074      7.81998   0.5223   0.5214   0.4758     368      15.9998   0.6304   0.6304   0.3560     0.08    792    642     1      7     0
     1.03483     778      7.49998   0.5296   0.5283   0.4679     302      15.0398   0.6490   0.6490   0.3344     0.08    607    465     1      7     0
     1.10557     426      5.25998   0.5376   0.5352   0.4577     235         13.6   0.6723   0.6723   0.3106     0.08    386    268     1      6     0
     1.26208     123      3.31988   0.5854   0.5772   0.4146     114         5.44   0.6404   0.6404   0.3421     0.08    144     90     0      3     0

========== tau dynamic  TP/SL=entry±alpha_hat[vol_exp] ==========
         tau    n_tr       pnl_tr    wr_tr  tp/n_tr  sl/n_tr    n_te       pnl_te    wr_te  tp/n_te  sl/n_te   med_tp     tp     sl   hor   flip   eod
 4.03945e-05    2524      136.958   0.5131   0.4925   0.4271     358      45.2576   0.4749   0.3156   0.1844     0.48   1356   1144    14    368     0
    0.089389    2336        118.7   0.5214   0.5154   0.4563     286      41.2976   0.5385   0.3811   0.2273     0.48   1313   1131    15    163     0
    0.161024    2286       110.94   0.5219   0.5179   0.4641     257      36.6782   0.5603   0.4008   0.2529     0.48   1287   1126    15    115     0
    0.217132    2233        113.4   0.5231   0.5204   0.4635     251      34.7003   0.5538   0.4143   0.2590     0.48   1266   1100    16    102     0
    0.262403    2186       123.64   0.5261   0.5242   0.4620     234      29.5189   0.5598   0.4274   0.2778     0.48   1246   1075    13     86     0
    0.300313    2155       123.76   0.5271   0.5253   0.4622     231      30.2187   0.5541   0.4372   0.2814     0.48   1233   1061    12     80     0
    0.331622    2113        121.6   0.5272   0.5253   0.4619     224      31.3988   0.5625   0.4509   0.2902     0.48   1211   1041    12     73     0
    0.359139    2071       127.68   0.5297   0.5273   0.4602     220      30.4784   0.5591   0.4545   0.2909     0.48   1192   1017    12     70     0
    0.387087    2011        130.9   0.5316   0.5291   0.4590     215      30.7983   0.5581   0.4605   0.2884     0.48   1163    985    12     66     0
    0.412251    1956       143.26   0.5353   0.5332   0.4545     210      33.2778   0.5714   0.4714   0.2952     0.48   1142    951    12     61     0
     0.43638    1908       157.62   0.5404   0.5383   0.4502     204      36.1577   0.5784   0.4755   0.2892     0.48   1124    918    12     58     0
    0.461579    1882       165.66   0.5436   0.5409   0.4474     195      33.7578   0.5795   0.4872   0.2923     0.48   1113    899     9     56     0
    0.483162    1822       167.58   0.5456   0.5428   0.4451     192      34.0581   0.5781   0.4896   0.2917     0.48   1083    867     9     55     0
    0.503294    1783        169.9   0.5474   0.5446   0.4442     188      34.8979   0.5798   0.4894   0.2872     0.48   1063    846     9     53     0
     0.52246    1744       168.56   0.5487   0.5453   0.4438     183      34.4585   0.5847   0.4973   0.2896     0.48   1042    827     9     49     0
      0.5409    1703       171.14   0.5508   0.5473   0.4416     183      33.5195   0.5792   0.4973   0.2896     0.48   1023    805     9     49     0
    0.557362    1665       161.86   0.5489   0.5459   0.4438     175      35.0396   0.5943   0.5029   0.2800     0.48    997    788     9     46     0
    0.573464    1604       156.48   0.5493   0.5455   0.4426     173      32.5395   0.5896   0.5029   0.2948     0.48    962    761    10     44     0
    0.589055    1565       143.92   0.5463   0.5431   0.4460     170      31.4593   0.5882   0.4941   0.2941     0.48    934    748     9     44     0
    0.603572    1527       133.66   0.5442   0.5409   0.4486     169      31.3993   0.5917   0.4970   0.2959     0.48    910    735     9     42     0
    0.619389    1459       128.38   0.5442   0.5408   0.4483     168      33.9989   0.6012   0.5060   0.2917     0.48    874    703     8     42     0
    0.634796    1412       129.84   0.5460   0.5439   0.4469     167      33.1786   0.5988   0.5030   0.2934     0.48    852    680     6     41     0
    0.650023    1344        133.8   0.5499   0.5476   0.4420     166      31.8787   0.5964   0.5000   0.2952     0.48    819    643     7     41     0
     0.66755    1276       127.58   0.5502   0.5478   0.4412     164       32.519   0.5915   0.5122   0.2927     0.48    783    611     6     40     0
     0.68409    1216        131.1   0.5543   0.5518   0.4375     162      34.6587   0.6049   0.5185   0.2840     0.48    755    578     5     40     0
    0.700853    1157       122.16   0.5523   0.5506   0.4382     161      31.7391   0.5963   0.5093   0.2981     0.48    719    555     5     39     0
    0.717939    1073       119.82   0.5555   0.5527   0.4343     156      31.8392   0.6026   0.5128   0.2949     0.48    673    512     7     37     0
    0.736301    1013       122.04   0.5597   0.5568   0.4294     150      32.3798   0.6067   0.5200   0.2867     0.48    642    478     7     36     0
    0.754404     944       114.22   0.5604   0.5572   0.4301     150      34.6201   0.6133   0.5267   0.2800     0.48    605    448     7     34     0
    0.773535     857      87.1403   0.5508   0.5484   0.4411     142        31.16   0.6056   0.5141   0.2817     0.48    543    418     4     34     0
    0.792733     770      78.5003   0.5506   0.5481   0.4403     139      31.4602   0.6259   0.5108   0.2806     0.48    493    378     4     34     0
    0.813708     689      84.3801   0.5617   0.5573   0.4282     136      26.9401   0.6029   0.5000   0.2941     0.48    452    335     5     33     0
    0.836752     616      62.1002   0.5487   0.5455   0.4383     133      25.5802   0.5940   0.4962   0.2932     0.48    402    309     5     33     0
    0.865281     548      65.3003   0.5584   0.5566   0.4288     126      25.2994   0.5952   0.5000   0.2778     0.48    368    270     4     32     0
    0.896355     466      49.4403   0.5515   0.5472   0.4335     121      25.9191   0.6033   0.5041   0.2645     0.48    316    234     4     33     0
    0.933433     372        29.22   0.5376   0.5323   0.4462     114      23.1792   0.6053   0.5000   0.2719     0.48    255    197     4     30     0
     0.97826     300      24.3999   0.5433   0.5300   0.4433     103         24.5   0.6214   0.5049   0.2524     0.48    211    159     5     28     0
     1.03483     224        18.44   0.5402   0.5268   0.4375      93      19.5604   0.6129   0.4946   0.2796     0.48    164    124     4     25     0
     1.10557     141       9.1801   0.5248   0.5106   0.4326      79      14.2599   0.6076   0.4684   0.2785     0.48    109     83     2     26     0
     1.26208      45      15.9399   0.6889   0.6667   0.2889      50      8.54094   0.5600   0.4800   0.2800     0.48     54     27     0     14     0
