========== 训练 ==========
signal=ETHUSDT  exec=ETHUSDC  n=107243  train=75070  test=32173
align=109644/109644 (100.0%)  alpha_model=vol_exp
horizon=13  TP_OFFSET=0.08  SL=opposite  maker=0  taker=0  qty=2
dynamic TP/SL clip=[0.05, 0.48]  scale=1.0  q=0.8
T intercept=0.28403
factor                       weight
intercept                   0.28403
obi                       0.0737364
ml_ofi_5s                  0.622418
ml_ofi_15s               -0.0411351

========== 因子相关 ==========
factor                  corr_y_tr  corr_y_te  corr_T_tr  corr_T_te  corr_a_tr  corr_a_te
obi                        0.0195     0.0898     0.3875     0.4298     0.0050    -0.0210
ml_ofi_5s                  0.0491     0.0757     0.9761     0.9798     0.0235    -0.0988
ml_ofi_15s                 0.0278     0.1060     0.5521     0.5555     0.0515    -0.1046
n_mid_moves_30s            0.0779    -0.1060    -0.0277    -0.0056     0.4991     0.2843
n_mid_moves_60s            0.0776    -0.0798    -0.0242    -0.0037     0.4661     0.2232
rv_30s                    -0.0081    -0.0097    -0.0287    -0.0190     0.5355     0.2736
rv_60s                    -0.0128     0.0251    -0.0111    -0.0114     0.4486     0.2385
|T|                        0.0450     0.0539     0.9687     0.9427     0.0081    -0.0669
T vs y                     0.0503     0.0861
|T| vs alpha               0.0081    -0.0669
T vs alpha                 0.0215    -0.0942
T r2 train/test: 0.00252824 / -0.0977328

========== T / alpha 命中率 ==========
T  sign(T)==sign(y)     train=0.5218  test=0.5360
alpha  高于中位数一致  train=0.7860  test=0.5495
bin       n_tr  |T|med_tr   T_hit_tr    n_te  |T|med_te   T_hit_te
1        15014    0.07560     0.5194    6435    0.06427     0.4980
2        15014    0.19446     0.5069    6434    0.18466     0.5407
3        15014    0.28094     0.5120    6435    0.28695     0.5224
4        15014    0.37347     0.5470    6434    0.39449     0.5675
5        15014    0.53005     0.5235    6435    0.54634     0.5511

========== alpha 模型 ==========
model                  train_r2    test_r2 train_corr  test_corr
 vol_linear            0.317028 -0.0608975     0.5631     0.2924
 vol_quadratic         0.353874  -0.438372     0.5949     0.2020
*vol_exp               0.297653  0.0355495     0.5576     0.2987
 rv60_linear           0.201278   -0.45542     0.4486     0.2385
 vol+|T|_linear        0.318711  -0.149102     0.5645     0.2530
 |T|_poly1           6.58678e-05   -4.53806     0.0081    -0.0669
 |T|_poly2            0.0119903   -4.78884     0.1095    -0.0177
 |T|_poly3            0.0120107    -4.7746     0.1096    -0.0151

========== tau static  TP/SL=entry±0.08 ==========
         tau    n_tr       pnl_tr    wr_tr  tp/n_tr  sl/n_tr    n_te       pnl_te    wr_te  tp/n_te  sl/n_te   med_tp     tp     sl   hor   flip   eod
 3.28811e-06   15151      125.461   0.5116   0.5064   0.4509    2746      57.3189   0.5204   0.5051   0.3711     0.08   9059   7851     1    986     0
   0.0209998   14769      122.362   0.5174   0.5132   0.4587    2587      53.7591   0.5354   0.5253   0.3896     0.08   8938   7782     1    635     0
   0.0395323   14459      114.623   0.5188   0.5157   0.4634    2493      51.8389   0.5419   0.5331   0.3991     0.08   8786   7696     1    469     0
   0.0587058   14146      117.682   0.5217   0.5196   0.4654    2391      49.6588   0.5483   0.5416   0.4074     0.08   8645   7557     1    334     0
   0.0766773   13866      115.321   0.5226   0.5214   0.4671    2321      48.5189   0.5515   0.5476   0.4128     0.08   8501   7435     1    250     0
   0.0948015   13578        118.2   0.5247   0.5237   0.4674    2237      46.0991   0.5534   0.5503   0.4175     0.08   8342   7281     1    191     0
    0.112427   13270       122.04   0.5266   0.5257   0.4667    2187      45.0595   0.5546   0.5519   0.4188     0.08   8183   7109     1    164     0
    0.129554   12901      115.519   0.5262   0.5252   0.4680    2110      45.3995   0.5597   0.5569   0.4194     0.08   7951   6923     1    136     0
    0.143915   12559      123.019   0.5290   0.5282   0.4661    2053      45.0995   0.5621   0.5597   0.4194     0.08   7783   6715     1    113     0
     0.15843   12215      118.839   0.5289   0.5283   0.4666    2009      45.7794   0.5645   0.5630   0.4171     0.08   7584   6538     1    101     0
    0.171683   11893      119.598   0.5301   0.5295   0.4659    1964      44.8192   0.5657   0.5642   0.4175     0.08   7405   6361     1     90     0
    0.184309   11554      121.079   0.5314   0.5309   0.4647    1912      44.9195   0.5680   0.5669   0.4153     0.08   7218   6163     1     84     0
    0.196711   11203      121.059   0.5324   0.5321   0.4638    1850      45.3792   0.5719   0.5708   0.4130     0.08   7017   5960     1     75     0
    0.208139   10870      127.319   0.5352   0.5349   0.4610    1796      43.7788   0.5718   0.5713   0.4148     0.08   6840   5756     1     69     0
    0.219789   10534      128.919   0.5370   0.5366   0.4595    1756      42.9788   0.5723   0.5718   0.4146     0.08   6657   5568     1     64     0
    0.231419   10198      131.699   0.5392   0.5389   0.4575    1702      41.8588   0.5729   0.5723   0.4142     0.08   6470   5371     1     58     0
    0.242209    9820      126.579   0.5392   0.5389   0.4576    1649      42.0193   0.5755   0.5749   0.4112     0.08   6240   5172     1     56     0
    0.252674    9453       125.66   0.5406   0.5403   0.4567    1583      40.7593   0.5768   0.5761   0.4106     0.08   6019   4967     1     49     0
    0.263251    9083       127.82   0.5430   0.5428   0.4541    1542      39.4793   0.5765   0.5759   0.4112     0.08   5818   4759     1     47     0
    0.273872    8654       127.68   0.5452   0.5450   0.4520    1507      38.5594   0.5766   0.5760   0.4114     0.08   5584   4532     1     44     0
    0.284122    8219       127.68   0.5476   0.5474   0.4496    1463      38.1795   0.5783   0.5776   0.4101     0.08   5344   4295     1     42     0
    0.295395    7810        128.8   0.5506   0.5503   0.4467    1418      36.7395   0.5783   0.5776   0.4111     0.08   5117   4072     1     38     0
     0.30643    7349       125.76   0.5526   0.5523   0.4448    1357      36.9997   0.5829   0.5822   0.4083     0.08   4849   3823     1     33     0
     0.31759    6868       120.96   0.5542   0.5539   0.4434    1296      37.4799   0.5880   0.5872   0.4035     0.08   4565   3568     1     30     0
    0.329844    6389       117.28   0.5566   0.5563   0.4411    1247      36.7601   0.5894   0.5894   0.4034     0.08   4289   3321     1     25     0
    0.341813    5944       115.52   0.5599   0.5596   0.4376    1191      34.5802   0.5877   0.5877   0.4047     0.08   4026   3083     1     25     0
    0.353651    5489       113.76   0.5640   0.5637   0.4336    1132      33.6202   0.5901   0.5901   0.4028     0.08   3762   2836     1     22     0
    0.365949    5026      106.139   0.5653   0.5651   0.4324    1079      33.4602   0.5941   0.5941   0.3985     0.08   3481   2603     1     20     0
    0.379114    4548      99.8994   0.5679   0.5677   0.4296    1018      32.5002   0.5972   0.5972   0.3959     0.08   3190   2357     1     18     0
    0.392745    4087      97.1794   0.5735   0.5733   0.4238     955      32.0202   0.6021   0.6021   0.3906     0.08   2918   2105     1     18     0
    0.407647    3600      89.1197   0.5767   0.5764   0.4211     890      33.3002   0.6146   0.6146   0.3787     0.08   2622   1853     1     14     0
    0.424756    3153      82.5597   0.5810   0.5807   0.4164     821      31.0602   0.6163   0.6163   0.3776     0.08   2337   1623     1     13     0
    0.443234    2687      76.3197   0.5880   0.5876   0.4094     736      28.3402   0.6196   0.6196   0.3764     0.08   2035   1377     1     10     0
    0.466241    2225      71.1997   0.5991   0.5987   0.3978     650      25.4602   0.6215   0.6215   0.3738     0.08   1736   1128     1     10     0
    0.491011    1806      67.1997   0.6152   0.6146   0.3810     562      21.6202   0.6192   0.6192   0.3754     0.08   1458    899     0     11     0
     0.51656    1420      51.8798   0.6127   0.6127   0.3824     474      19.3802   0.6266   0.6266   0.3671     0.08   1167    717     0     10     0
    0.547829    1039      40.8197   0.6208   0.6208   0.3734     383      16.0202   0.6292   0.6292   0.3629     0.08    886    527     0      9     0
    0.586937     722      30.2597   0.6302   0.6302   0.3657     273        12.32   0.6410   0.6410   0.3590     0.08    630    362     0      3     0
    0.646489     411      17.1397   0.6302   0.6302   0.3650     142         6.08   0.6338   0.6338   0.3662     0.08    349    202     0      2     0
    0.740601     133      7.53986   0.6767   0.6767   0.3158      38          1.6   0.6316   0.6316   0.3684     0.08    114     56     0      1     0

========== tau dynamic  TP/SL=entry±alpha_hat[vol_exp] ==========
         tau    n_tr       pnl_tr    wr_tr  tp/n_tr  sl/n_tr    n_te       pnl_te    wr_te  tp/n_te  sl/n_te   med_tp     tp     sl   hor   flip   eod
 3.28811e-06    3465      231.057   0.4857   0.4115   0.3330     701      74.5831   0.4394   0.2582   0.1327     0.48   1607   1247    39   1273     0
   0.0209998    3208      219.137   0.5065   0.4417   0.3597     582      69.5405   0.4828   0.3076   0.1598     0.48   1596   1247    40    907     0
   0.0395323    3060      202.597   0.5131   0.4569   0.3752     525      62.9593   0.5067   0.3295   0.1714     0.48   1571   1238    41    735     0
   0.0587058    2943      194.457   0.5178   0.4699   0.3901     477      57.1785   0.5199   0.3585   0.1845     0.48   1554   1236    42    588     0
   0.0766773    2854      188.777   0.5221   0.4811   0.4001     449      55.5198   0.5100   0.3831   0.1982     0.48   1545   1231    40    487     0
   0.0948015    2784      187.697   0.5262   0.4885   0.4077     426      48.0377   0.5023   0.3991   0.2160     0.48   1530   1227    40    413     0
    0.112427    2718      184.256   0.5276   0.4937   0.4121     403      49.3181   0.5112   0.4119   0.2109     0.48   1508   1205    42    366     0
    0.129554    2639      177.895   0.5279   0.4975   0.4161     379       48.339   0.5251   0.4301   0.2216     0.48   1476   1182    43    317     0
    0.143915    2557      186.498   0.5327   0.5049   0.4169     363      48.0602   0.5372   0.4408   0.2259     0.48   1451   1148    43    278     0
     0.15843    2497      183.699   0.5310   0.5090   0.4189     358      48.7793   0.5363   0.4413   0.2291     0.48   1429   1128    44    254     0
    0.171683    2438      175.179   0.5308   0.5115   0.4233     346      47.4398   0.5405   0.4422   0.2370     0.48   1400   1114    43    227     0
    0.184309    2398      174.039   0.5304   0.5146   0.4254     334       46.681   0.5389   0.4461   0.2365     0.48   1383   1099    42    208     0
    0.196711    2326        193.2   0.5357   0.5219   0.4209     322      46.1789   0.5404   0.4534   0.2391     0.48   1360   1056    41    191     0
    0.208139    2296       195.32   0.5357   0.5231   0.4199     313      44.4973   0.5367   0.4665   0.2460     0.48   1347   1041    39    182     0
    0.219789    2252      191.299   0.5355   0.5235   0.4210     310      41.5768   0.5323   0.4710   0.2548     0.48   1325   1027    35    175     0
    0.231419    2208       189.54   0.5362   0.5249   0.4212     300      39.3985   0.5367   0.4767   0.2600     0.48   1302   1008    35    163     0
    0.242209    2165       188.48   0.5376   0.5261   0.4226     301       42.299   0.5349   0.4884   0.2658     0.48   1286    995    32    153     0
    0.252674    2105       180.42   0.5382   0.5259   0.4233     292      40.8394   0.5308   0.4863   0.2671     0.48   1249    969    34    145     0
    0.263251    2038       184.22   0.5407   0.5280   0.4200     280      39.0585   0.5250   0.4750   0.2571     0.48   1209    928    37    144     0
    0.273872    1968       180.58   0.5401   0.5274   0.4177     274      36.2386   0.5182   0.4708   0.2591     0.48   1167    893    39    143     0
    0.284122    1921       157.84   0.5351   0.5226   0.4232     267      32.0191   0.5131   0.4644   0.2659     0.48   1128    884    39    137     0
    0.295395    1844       168.74   0.5407   0.5271   0.4181     267      31.9991   0.5131   0.4682   0.2697     0.48   1097    843    39    132     0
     0.30643    1749        162.5   0.5403   0.5283   0.4174     260      32.3985   0.5231   0.4731   0.2731     0.48   1047    801    37    124     0
     0.31759    1662          173   0.5457   0.5343   0.4103     255      34.8385   0.5294   0.4784   0.2706     0.48   1010    751    35    121     0
    0.329844    1577       170.02   0.5491   0.5352   0.4077     247      32.9379   0.5304   0.4737   0.2753     0.48    961    711    35    117     0
    0.341813    1487       172.38   0.5528   0.5387   0.4022     237      30.2571   0.5316   0.4684   0.2785     0.48    912    664    35    113     0
    0.353651    1393      173.621   0.5578   0.5413   0.3984     233      29.2765   0.5279   0.4635   0.2833     0.48    862    621    36    107     0
    0.365949    1308      173.382   0.5627   0.5459   0.3945     225      24.9565   0.5244   0.4578   0.2889     0.48    817    581    33    102     0
    0.379114    1207      175.341   0.5692   0.5485   0.3844     218      26.3369   0.5367   0.4679   0.2890     0.48    764    527    34    100     0
    0.392745    1114      176.781   0.5754   0.5539   0.3761     213      25.0965   0.5399   0.4554   0.2958     0.48    714    482    35     96     0
    0.407647     995      156.682   0.5729   0.5518   0.3719     204       28.995   0.5588   0.4657   0.2843     0.48    644    428    35     92     0
    0.424756     889      159.601   0.5861   0.5602   0.3543     201      25.5149   0.5522   0.4627   0.2886     0.48    591    373    32     94     0
    0.443234     786      148.221   0.5903   0.5636   0.3448     186      22.5759   0.5538   0.4624   0.2849     0.48    529    324    30     89     0
    0.466241     656       134.64   0.6037   0.5655   0.3323     178       22.176   0.5449   0.4663   0.2865     0.48    454    269    31     80     0
    0.491011     556      127.239   0.6133   0.5719   0.3129     164      16.3969   0.5305   0.4634   0.3171     0.48    394    226    24     76     0
     0.51656     443       102.44   0.6117   0.5643   0.3025     150      22.4786   0.5667   0.4933   0.3067     0.48    324    180    23     66     0
    0.547829     347       70.479   0.5937   0.5476   0.3112     128      24.1773   0.5859   0.5000   0.2734     0.48    254    143    18     60     0
    0.586937     249      56.4795   0.5944   0.5542   0.2731     103      17.8177   0.5728   0.5049   0.2913     0.48    190     98    16     48     0
    0.646489     162      29.0601   0.5741   0.5247   0.2840      62      3.19844   0.5000   0.4194   0.3226     0.48    111     66    11     36     0
    0.740601      62      10.8003   0.5968   0.5000   0.2903      22     -0.58058   0.4545   0.3636   0.3636     0.48     39     26     6     13     0
